a_gemy=[1265.03698219346;0.517306245896083;134.640293539894;0.398090740132889;22.8585750785612;0.445728661810478;45.1862809013778;0.360635885273940;11.6773219417941;0.419567130953482;27.2941500951895;0.340523006721202]
b_gemy=[1264.94161988619;0.517306068092590;134.639966604428;0.398091011171759;22.8587078202215;0.445728779685959;45.1866345613349;0.360634086277687;11.6764380597003;0.419570691116719;27.2951231498547;0.340519888977023]
ahmed = [a_gemy;b_gemy]

a_bedo=[1270.41279107196;0.517305923456570;134.632292132570;0.398103231551988;22.8671174510590;0.445714299684172;45.1775175861797;0.360662526888172;11.6858377369679;0.419540687239385;27.2861089293556;0.340560259806426]
b_bedo=[1273.59853610071;0.517304846085677;134.625616298656;0.398112640203230;22.8737301255642;0.445703214123401;45.1712982530936;0.360680894985426;11.6920565221699;0.419519406241779;27.2793766336577;0.340591709634227]
bedo = [a_bedo;b_bedo]
a_5olio=[1181.16673985030;0.517212746161715;134.637219272343;0.398002011761337;22.8617415329544;0.445629586251659;45.1828517338978;0.360551706871061;11.6798441887561;0.419466194888046;27.2917570926501;0.340440031200160]
b_5olio=[1277.17858703791;0.517303163880562;134.617248340100;0.398124157560106;22.8822713913247;0.445687733219756;45.1624926641702;0.360706541616094;11.7005606699485;0.419492259704750;27.2716212250428;0.340625527545654]

kholio = [a_5olio;b_5olio]

input=[ahmed,bedo,kholio]
target=[1,2,3]
input = [1265.03698219346,1270.41279107196,1181.16673985030;0.517306245896083,0.517305923456570,0.517212746161715;134.640293539894,134.632292132570,134.637219272343;0.398090740132889,0.398103231551988,0.398002011761337;22.8585750785612,22.8671174510590,22.8617415329544;0.445728661810478,0.445714299684172,0.445629586251659;45.1862809013778,45.1775175861797,45.1828517338978;0.360635885273940,0.360662526888172,0.360551706871061;11.6773219417941,11.6858377369679,11.6798441887561;0.419567130953482,0.419540687239385,0.419466194888046;27.2941500951895,27.2861089293556,27.2917570926501;0.340523006721202,0.340560259806426,0.340440031200160;1264.94161988619,1273.59853610071,1277.17858703791;0.517306068092590,0.517304846085677,0.517303163880562;134.639966604428,134.625616298656,134.617248340100;0.398091011171759,0.398112640203230,0.398124157560106;22.8587078202215,22.8737301255642,22.8822713913247;0.445728779685959,0.445703214123401,0.445687733219756;45.1866345613349,45.1712982530936,45.1624926641702;0.360634086277687,0.360680894985426,0.360706541616094;11.6764380597003,11.6920565221699,11.7005606699485;0.419570691116719,0.419519406241779,0.419492259704750;27.2951231498547,27.2793766336577,27.2716212250428;0.340519888977023,0.340591709634227,0.340625527545654]



a_gemy=[162.241559372017,0.0174769042332065,31.3696728599490,0.00621071543750817,8.53201474881488,0.0233421506812540,114.593324316225,0.0629579585266792,11.2118098059042,0.0511081895968446,5.49892396007502,0.0454605037379265]
b_gemy=[112.361635620650,0.0115131858099091,19.3048299066843,0.0248221521908528,29.0621035931164,0.0320103943364172,94.0913739793177,0.0304471510312817,13.0727551516593,0.0183008708485674,6.27992003572120,0.0231012657007939]
 ahmed = [a_gemy;b_gemy]

a_bedo=[126.063879848240,0.000985317463929146,46.3167362180109,0.0225437607011563,61.5836474343588,0.0135913328426978,5.66437254964751,0.00106519092359912,8.58882227512235,0.0188144934210539,31.1126403612708,0.0314854400335286]
b_bedo=[70.4321540681021,0.0167819821679212,87.9160076348145,0.0129851928654561,43.3182880589740,0.0163709752288353,0.363176982937928,0.0131661159792099,4.85976310676013,0.00792817606188631,5.39321990260830,0.0285805096276336]
bedo = [a_bedo;b_bedo]
a_5olio= [106.919987324185,0.00643175090172387,49.2239913828423,0.0241860171547932,43.7120160377491,0.0134159622460100,41.5959479631746,0.0136944784016793,40.6965640025887,0.0613243180476608,40.8604188998312,0.00419805909334861]
b_5olio=[37.4914602073138,0.0163857687352512,14.7806944065784,0.0184122936376273,2.57754875567218,0.00362160727023657,42.2050192403162,0.0248253492772800,33.5852813250989,0.0524196248614369,15.7345545268506,0.0131636944291799]
kholio = [a_5olio;b_5olio]
input=[ahmed,bedo,kholio]
target=[1,2,3]

input =[162.241559372017,126.063879848240,106.919987324185;0.0174769042332065,0.000985317463929146,0.00643175090172387;31.3696728599490,46.3167362180109,49.2239913828423;0.00621071543750817,0.0225437607011563,0.0241860171547932;8.53201474881488,61.5836474343588,43.7120160377491;0.0233421506812540,0.0135913328426978,0.0134159622460100;114.593324316225,5.66437254964751,41.5959479631746;0.0629579585266792,0.00106519092359912,0.0136944784016793;11.2118098059042,8.58882227512235,40.6965640025887;0.0511081895968446,0.0188144934210539,0.0613243180476608;5.49892396007502,31.1126403612708,40.8604188998312;0.0454605037379265,0.0314854400335286,0.00419805909334861;112.361635620650,70.4321540681021,37.4914602073138;0.0115131858099091,0.0167819821679212,0.0163857687352512;19.3048299066843,87.9160076348145,14.7806944065784;0.0248221521908528,0.0129851928654561,0.0184122936376273;29.0621035931164,43.3182880589740,2.57754875567218;0.0320103943364172,0.0163709752288353,0.00362160727023657;94.0913739793177,0.363176982937928,42.2050192403162;0.0304471510312817,0.0131661159792099,0.0248253492772800;13.0727551516593,4.85976310676013,33.5852813250989;0.0183008708485674,0.00792817606188631,0.0524196248614369;6.27992003572120,5.39321990260830,15.7345545268506;0.0231012657007939,0.0285805096276336,0.0131636944291799]